genomestart  86
trait 1 0.1 0.0 0.0 0.0 0.0 0.0 0.0 0.0 
trait 2 0.2 0.0 0.0 0.0 0.0 0.0 0.0 0.0 
trait 3 0.3 0.0 0.0 0.0 0.1222999654004347 0.0 0.08000202805745982 0.0 
node 1 1 1 1
node 2 1 1 1
node 3 1 1 3
node 4 1 0 2
node 5 1 0 2
gene  1 1 4 0.7468791217198726 0 1.0 0.7468791217198726 1
gene  2 2 4 3.5418770568420426 0 2.0 3.5418770568420426 1
gene  3 3 4 -2.7994645189487137 0 3.0 -2.7994645189487137 1
gene  1 1 5 0.7546037375226615 0 1.0 0.7546037375226615 1
gene  2 2 5 -1.7670390196826617 0 2.0 -1.7670390196826617 1
gene  3 3 5 2.2448956745244093 0 3.0 2.2448956745244093 1
gene  1 4 5 0.023139051487197415 0 7.0 0.023139051487197415 1
genomeend 86
